2022/04/25-22:34:19.822756 10fd47600 RocksDB version: 6.20.3
2022/04/25-22:34:19.822907 10fd47600 Git sha 8608d75d85f8e1b3b64b73a4fb6d19baec61ba5c
2022/04/25-22:34:19.822911 10fd47600 Compile date 2021-05-05 20:35:30
2022/04/25-22:34:19.822939 10fd47600 DB SUMMARY
2022/04/25-22:34:19.822941 10fd47600 DB Session ID:  EIU8RP7FNN6R1IF2GS0R
2022/04/25-22:34:19.823048 10fd47600 CURRENT file:  CURRENT
2022/04/25-22:34:19.823052 10fd47600 IDENTITY file:  IDENTITY
2022/04/25-22:34:19.823061 10fd47600 MANIFEST file:  MANIFEST-000004 size: 1376 Bytes
2022/04/25-22:34:19.823063 10fd47600 SST files in test-ledger/rocksdb dir, Total Num: 0, files: 
2022/04/25-22:34:19.823065 10fd47600 Write Ahead Log file in test-ledger/rocksdb: 000005.log size: 3922 ; 
2022/04/25-22:34:19.823067 10fd47600                         Options.error_if_exists: 0
2022/04/25-22:34:19.823069 10fd47600                       Options.create_if_missing: 1
2022/04/25-22:34:19.823070 10fd47600                         Options.paranoid_checks: 1
2022/04/25-22:34:19.823072 10fd47600                               Options.track_and_verify_wals_in_manifest: 0
2022/04/25-22:34:19.823073 10fd47600                                     Options.env: 0x10e114348
2022/04/25-22:34:19.823075 10fd47600                                      Options.fs: Posix File System
2022/04/25-22:34:19.823077 10fd47600                                Options.info_log: 0x600002280460
2022/04/25-22:34:19.823078 10fd47600                Options.max_file_opening_threads: 16
2022/04/25-22:34:19.823079 10fd47600                              Options.statistics: 0x0
2022/04/25-22:34:19.823080 10fd47600                               Options.use_fsync: 0
2022/04/25-22:34:19.823081 10fd47600                       Options.max_log_file_size: 0
2022/04/25-22:34:19.823082 10fd47600                  Options.max_manifest_file_size: 1073741824
2022/04/25-22:34:19.823083 10fd47600                   Options.log_file_time_to_roll: 0
2022/04/25-22:34:19.823085 10fd47600                       Options.keep_log_file_num: 1000
2022/04/25-22:34:19.823086 10fd47600                    Options.recycle_log_file_num: 0
2022/04/25-22:34:19.823087 10fd47600                         Options.allow_fallocate: 1
2022/04/25-22:34:19.823088 10fd47600                        Options.allow_mmap_reads: 0
2022/04/25-22:34:19.823089 10fd47600                       Options.allow_mmap_writes: 0
2022/04/25-22:34:19.823090 10fd47600                        Options.use_direct_reads: 0
2022/04/25-22:34:19.823091 10fd47600                        Options.use_direct_io_for_flush_and_compaction: 0
2022/04/25-22:34:19.823092 10fd47600          Options.create_missing_column_families: 1
2022/04/25-22:34:19.823094 10fd47600                              Options.db_log_dir: 
2022/04/25-22:34:19.823095 10fd47600                                 Options.wal_dir: test-ledger/rocksdb
2022/04/25-22:34:19.823096 10fd47600                Options.table_cache_numshardbits: 6
2022/04/25-22:34:19.823097 10fd47600                         Options.WAL_ttl_seconds: 0
2022/04/25-22:34:19.823098 10fd47600                       Options.WAL_size_limit_MB: 0
2022/04/25-22:34:19.823099 10fd47600                        Options.max_write_batch_group_size_bytes: 1048576
2022/04/25-22:34:19.823100 10fd47600             Options.manifest_preallocation_size: 4194304
2022/04/25-22:34:19.823102 10fd47600                     Options.is_fd_close_on_exec: 1
2022/04/25-22:34:19.823103 10fd47600                   Options.advise_random_on_open: 1
2022/04/25-22:34:19.823104 10fd47600                    Options.db_write_buffer_size: 0
2022/04/25-22:34:19.823105 10fd47600                    Options.write_buffer_manager: 0x600000fa4210
2022/04/25-22:34:19.823106 10fd47600         Options.access_hint_on_compaction_start: 1
2022/04/25-22:34:19.823107 10fd47600  Options.new_table_reader_for_compaction_inputs: 0
2022/04/25-22:34:19.823108 10fd47600           Options.random_access_max_buffer_size: 1048576
2022/04/25-22:34:19.823109 10fd47600                      Options.use_adaptive_mutex: 0
2022/04/25-22:34:19.823111 10fd47600                            Options.rate_limiter: 0x0
2022/04/25-22:34:19.823168 10fd47600     Options.sst_file_manager.rate_bytes_per_sec: 0
2022/04/25-22:34:19.823170 10fd47600                       Options.wal_recovery_mode: 2
2022/04/25-22:34:19.823171 10fd47600                  Options.enable_thread_tracking: 0
2022/04/25-22:34:19.823172 10fd47600                  Options.enable_pipelined_write: 0
2022/04/25-22:34:19.823173 10fd47600                  Options.unordered_write: 0
2022/04/25-22:34:19.823174 10fd47600         Options.allow_concurrent_memtable_write: 1
2022/04/25-22:34:19.823175 10fd47600      Options.enable_write_thread_adaptive_yield: 1
2022/04/25-22:34:19.823177 10fd47600             Options.write_thread_max_yield_usec: 100
2022/04/25-22:34:19.823178 10fd47600            Options.write_thread_slow_yield_usec: 3
2022/04/25-22:34:19.823179 10fd47600                               Options.row_cache: None
2022/04/25-22:34:19.823180 10fd47600                              Options.wal_filter: None
2022/04/25-22:34:19.823181 10fd47600             Options.avoid_flush_during_recovery: 0
2022/04/25-22:34:19.823182 10fd47600             Options.allow_ingest_behind: 0
2022/04/25-22:34:19.823183 10fd47600             Options.preserve_deletes: 0
2022/04/25-22:34:19.823184 10fd47600             Options.two_write_queues: 0
2022/04/25-22:34:19.823185 10fd47600             Options.manual_wal_flush: 0
2022/04/25-22:34:19.823186 10fd47600             Options.atomic_flush: 0
2022/04/25-22:34:19.823187 10fd47600             Options.avoid_unnecessary_blocking_io: 0
2022/04/25-22:34:19.823189 10fd47600                 Options.persist_stats_to_disk: 0
2022/04/25-22:34:19.823190 10fd47600                 Options.write_dbid_to_manifest: 0
2022/04/25-22:34:19.823191 10fd47600                 Options.log_readahead_size: 0
2022/04/25-22:34:19.823192 10fd47600                 Options.file_checksum_gen_factory: Unknown
2022/04/25-22:34:19.823194 10fd47600                 Options.best_efforts_recovery: 0
2022/04/25-22:34:19.823195 10fd47600                Options.max_bgerror_resume_count: 2147483647
2022/04/25-22:34:19.823196 10fd47600            Options.bgerror_resume_retry_interval: 1000000
2022/04/25-22:34:19.823197 10fd47600             Options.allow_data_in_errors: 0
2022/04/25-22:34:19.823198 10fd47600             Options.db_host_id: __hostname__
2022/04/25-22:34:19.823199 10fd47600             Options.max_background_jobs: 12
2022/04/25-22:34:19.823200 10fd47600             Options.max_background_compactions: -1
2022/04/25-22:34:19.823201 10fd47600             Options.max_subcompactions: 1
2022/04/25-22:34:19.823202 10fd47600             Options.avoid_flush_during_shutdown: 0
2022/04/25-22:34:19.823203 10fd47600           Options.writable_file_max_buffer_size: 1048576
2022/04/25-22:34:19.823205 10fd47600             Options.delayed_write_rate : 16777216
2022/04/25-22:34:19.823206 10fd47600             Options.max_total_wal_size: 4294967296
2022/04/25-22:34:19.823207 10fd47600             Options.delete_obsolete_files_period_micros: 21600000000
2022/04/25-22:34:19.823208 10fd47600                   Options.stats_dump_period_sec: 600
2022/04/25-22:34:19.823209 10fd47600                 Options.stats_persist_period_sec: 600
2022/04/25-22:34:19.823210 10fd47600                 Options.stats_history_buffer_size: 1048576
2022/04/25-22:34:19.823212 10fd47600                          Options.max_open_files: -1
2022/04/25-22:34:19.823213 10fd47600                          Options.bytes_per_sync: 0
2022/04/25-22:34:19.823214 10fd47600                      Options.wal_bytes_per_sync: 0
2022/04/25-22:34:19.823215 10fd47600                   Options.strict_bytes_per_sync: 0
2022/04/25-22:34:19.823216 10fd47600       Options.compaction_readahead_size: 0
2022/04/25-22:34:19.823217 10fd47600                  Options.max_background_flushes: -1
2022/04/25-22:34:19.823218 10fd47600 Compression algorithms supported:
2022/04/25-22:34:19.823220 10fd47600 	kZSTD supported: 0
2022/04/25-22:34:19.823223 10fd47600 	kZlibCompression supported: 0
2022/04/25-22:34:19.823224 10fd47600 	kXpressCompression supported: 0
2022/04/25-22:34:19.823261 10fd47600 	kSnappyCompression supported: 0
2022/04/25-22:34:19.823263 10fd47600 	kZSTDNotFinalCompression supported: 0
2022/04/25-22:34:19.823265 10fd47600 	kLZ4HCCompression supported: 1
2022/04/25-22:34:19.823266 10fd47600 	kLZ4Compression supported: 1
2022/04/25-22:34:19.823268 10fd47600 	kBZip2Compression supported: 0
2022/04/25-22:34:19.823270 10fd47600 Fast CRC32 supported: Not supported on x86
2022/04/25-22:34:19.824158 10fd47600 [db/version_set.cc:4627] Recovering from manifest file: test-ledger/rocksdb/MANIFEST-000004
2022/04/25-22:34:19.824670 10fd47600 [db/column_family.cc:598] --------------- Options for column family [default]:
2022/04/25-22:34:19.824677 10fd47600               Options.comparator: leveldb.BytewiseComparator
2022/04/25-22:34:19.824680 10fd47600           Options.merge_operator: None
2022/04/25-22:34:19.824681 10fd47600        Options.compaction_filter: None
2022/04/25-22:34:19.824682 10fd47600        Options.compaction_filter_factory: None
2022/04/25-22:34:19.824683 10fd47600  Options.sst_partitioner_factory: None
2022/04/25-22:34:19.824684 10fd47600         Options.memtable_factory: SkipListFactory
2022/04/25-22:34:19.824686 10fd47600            Options.table_factory: BlockBasedTable
2022/04/25-22:34:19.824712 10fd47600            table_factory options:   flush_block_policy_factory: FlushBlockBySizePolicyFactory (0x60000039c300)
  cache_index_and_filter_blocks: 0
  cache_index_and_filter_blocks_with_high_priority: 1
  pin_l0_filter_and_index_blocks_in_cache: 0
  pin_top_level_index_and_filter: 1
  index_type: 0
  data_block_index_type: 0
  index_shortening: 1
  data_block_hash_table_util_ratio: 0.750000
  hash_index_allow_collision: 1
  checksum: 1
  no_block_cache: 0
  block_cache: 0x600003094ab8
  block_cache_name: LRUCache
  block_cache_options:
    capacity : 8388608
    num_shard_bits : 4
    strict_capacity_limit : 0
    memory_allocator : None
    high_pri_pool_ratio: 0.000
  block_cache_compressed: 0x0
  persistent_cache: 0x0
  block_size: 4096
  block_size_deviation: 10
  block_restart_interval: 16
  index_block_restart_interval: 1
  metadata_block_size: 4096
  partition_filters: 0
  use_delta_encoding: 1
  filter_policy: nullptr
  whole_key_filtering: 1
  verify_compression: 0
  read_amp_bytes_per_bit: 0
  format_version: 5
  enable_index_compression: 1
  block_align: 0
2022/04/25-22:34:19.824721 10fd47600        Options.write_buffer_size: 67108864
2022/04/25-22:34:19.824722 10fd47600  Options.max_write_buffer_number: 2
2022/04/25-22:34:19.824724 10fd47600          Options.compression: NoCompression
2022/04/25-22:34:19.824725 10fd47600                  Options.bottommost_compression: Disabled
2022/04/25-22:34:19.824726 10fd47600       Options.prefix_extractor: nullptr
2022/04/25-22:34:19.824727 10fd47600   Options.memtable_insert_with_hint_prefix_extractor: nullptr
2022/04/25-22:34:19.824729 10fd47600             Options.num_levels: 7
2022/04/25-22:34:19.824730 10fd47600        Options.min_write_buffer_number_to_merge: 1
2022/04/25-22:34:19.824731 10fd47600     Options.max_write_buffer_number_to_maintain: 0
2022/04/25-22:34:19.824732 10fd47600     Options.max_write_buffer_size_to_maintain: 0
2022/04/25-22:34:19.824733 10fd47600            Options.bottommost_compression_opts.window_bits: -14
2022/04/25-22:34:19.824734 10fd47600                  Options.bottommost_compression_opts.level: 32767
2022/04/25-22:34:19.824735 10fd47600               Options.bottommost_compression_opts.strategy: 0
2022/04/25-22:34:19.824736 10fd47600         Options.bottommost_compression_opts.max_dict_bytes: 0
2022/04/25-22:34:19.824738 10fd47600         Options.bottommost_compression_opts.zstd_max_train_bytes: 0
2022/04/25-22:34:19.824739 10fd47600         Options.bottommost_compression_opts.parallel_threads: 1
2022/04/25-22:34:19.824740 10fd47600                  Options.bottommost_compression_opts.enabled: false
2022/04/25-22:34:19.824741 10fd47600         Options.bottommost_compression_opts.max_dict_buffer_bytes: 0
2022/04/25-22:34:19.824742 10fd47600            Options.compression_opts.window_bits: -14
2022/04/25-22:34:19.824824 10fd47600                  Options.compression_opts.level: 32767
2022/04/25-22:34:19.824827 10fd47600               Options.compression_opts.strategy: 0
2022/04/25-22:34:19.824828 10fd47600         Options.compression_opts.max_dict_bytes: 0
2022/04/25-22:34:19.824829 10fd47600         Options.compression_opts.zstd_max_train_bytes: 0
2022/04/25-22:34:19.824830 10fd47600         Options.compression_opts.parallel_threads: 1
2022/04/25-22:34:19.824831 10fd47600                  Options.compression_opts.enabled: false
2022/04/25-22:34:19.824832 10fd47600         Options.compression_opts.max_dict_buffer_bytes: 0
2022/04/25-22:34:19.824834 10fd47600      Options.level0_file_num_compaction_trigger: 4
2022/04/25-22:34:19.824835 10fd47600          Options.level0_slowdown_writes_trigger: 20
2022/04/25-22:34:19.824836 10fd47600              Options.level0_stop_writes_trigger: 36
2022/04/25-22:34:19.824837 10fd47600                   Options.target_file_size_base: 67108864
2022/04/25-22:34:19.824838 10fd47600             Options.target_file_size_multiplier: 1
2022/04/25-22:34:19.824840 10fd47600                Options.max_bytes_for_level_base: 268435456
2022/04/25-22:34:19.824841 10fd47600 Options.level_compaction_dynamic_level_bytes: 0
2022/04/25-22:34:19.824842 10fd47600          Options.max_bytes_for_level_multiplier: 10.000000
2022/04/25-22:34:19.824844 10fd47600 Options.max_bytes_for_level_multiplier_addtl[0]: 1
2022/04/25-22:34:19.824846 10fd47600 Options.max_bytes_for_level_multiplier_addtl[1]: 1
2022/04/25-22:34:19.824847 10fd47600 Options.max_bytes_for_level_multiplier_addtl[2]: 1
2022/04/25-22:34:19.824848 10fd47600 Options.max_bytes_for_level_multiplier_addtl[3]: 1
2022/04/25-22:34:19.824849 10fd47600 Options.max_bytes_for_level_multiplier_addtl[4]: 1
2022/04/25-22:34:19.824850 10fd47600 Options.max_bytes_for_level_multiplier_addtl[5]: 1
2022/04/25-22:34:19.824851 10fd47600 Options.max_bytes_for_level_multiplier_addtl[6]: 1
2022/04/25-22:34:19.824852 10fd47600       Options.max_sequential_skip_in_iterations: 8
2022/04/25-22:34:19.824853 10fd47600                    Options.max_compaction_bytes: 1677721600
2022/04/25-22:34:19.824854 10fd47600                        Options.arena_block_size: 8388608
2022/04/25-22:34:19.824855 10fd47600   Options.soft_pending_compaction_bytes_limit: 68719476736
2022/04/25-22:34:19.824856 10fd47600   Options.hard_pending_compaction_bytes_limit: 274877906944
2022/04/25-22:34:19.824857 10fd47600       Options.rate_limit_delay_max_milliseconds: 100
2022/04/25-22:34:19.824859 10fd47600                Options.disable_auto_compactions: 0
2022/04/25-22:34:19.824860 10fd47600                        Options.compaction_style: kCompactionStyleLevel
2022/04/25-22:34:19.824862 10fd47600                          Options.compaction_pri: kMinOverlappingRatio
2022/04/25-22:34:19.824863 10fd47600 Options.compaction_options_universal.size_ratio: 1
2022/04/25-22:34:19.824864 10fd47600 Options.compaction_options_universal.min_merge_width: 2
2022/04/25-22:34:19.824865 10fd47600 Options.compaction_options_universal.max_merge_width: 4294967295
2022/04/25-22:34:19.824866 10fd47600 Options.compaction_options_universal.max_size_amplification_percent: 200
2022/04/25-22:34:19.824867 10fd47600 Options.compaction_options_universal.compression_size_percent: -1
2022/04/25-22:34:19.824869 10fd47600 Options.compaction_options_universal.stop_style: kCompactionStopStyleTotalSize
2022/04/25-22:34:19.824871 10fd47600 Options.compaction_options_fifo.max_table_files_size: 1073741824
2022/04/25-22:34:19.824872 10fd47600 Options.compaction_options_fifo.allow_compaction: 0
2022/04/25-22:34:19.824876 10fd47600                   Options.table_properties_collectors: 
2022/04/25-22:34:19.824877 10fd47600                   Options.inplace_update_support: 0
2022/04/25-22:34:19.824878 10fd47600                 Options.inplace_update_num_locks: 10000
2022/04/25-22:34:19.824879 10fd47600               Options.memtable_prefix_bloom_size_ratio: 0.000000
2022/04/25-22:34:19.824881 10fd47600               Options.memtable_whole_key_filtering: 0
2022/04/25-22:34:19.824920 10fd47600   Options.memtable_huge_page_size: 0
2022/04/25-22:34:19.824922 10fd47600                           Options.bloom_locality: 0
2022/04/25-22:34:19.824923 10fd47600                    Options.max_successive_merges: 0
2022/04/25-22:34:19.824924 10fd47600                Options.optimize_filters_for_hits: 0
2022/04/25-22:34:19.824925 10fd47600                Options.paranoid_file_checks: 0
2022/04/25-22:34:19.824926 10fd47600                Options.force_consistency_checks: 1
2022/04/25-22:34:19.824927 10fd47600                Options.report_bg_io_stats: 0
2022/04/25-22:34:19.824928 10fd47600                               Options.ttl: 2592000
2022/04/25-22:34:19.824929 10fd47600          Options.periodic_compaction_seconds: 0
2022/04/25-22:34:19.824930 10fd47600                    Options.enable_blob_files: false
2022/04/25-22:34:19.824931 10fd47600                        Options.min_blob_size: 0
2022/04/25-22:34:19.824932 10fd47600                       Options.blob_file_size: 268435456
2022/04/25-22:34:19.824934 10fd47600                Options.blob_compression_type: NoCompression
2022/04/25-22:34:19.824935 10fd47600       Options.enable_blob_garbage_collection: false
2022/04/25-22:34:19.824936 10fd47600   Options.blob_garbage_collection_age_cutoff: 0.250000
2022/04/25-22:34:19.825062 10fd47600 [db/column_family.cc:598] --------------- Options for column family [meta]:
2022/04/25-22:34:19.825065 10fd47600               Options.comparator: leveldb.BytewiseComparator
2022/04/25-22:34:19.825068 10fd47600           Options.merge_operator: None
2022/04/25-22:34:19.825069 10fd47600        Options.compaction_filter: None
2022/04/25-22:34:19.825071 10fd47600        Options.compaction_filter_factory: purged_slot_filter_factory(meta)
2022/04/25-22:34:19.825072 10fd47600  Options.sst_partitioner_factory: None
2022/04/25-22:34:19.825073 10fd47600         Options.memtable_factory: SkipListFactory
2022/04/25-22:34:19.825075 10fd47600            Options.table_factory: BlockBasedTable
2022/04/25-22:34:19.825092 10fd47600            table_factory options:   flush_block_policy_factory: FlushBlockBySizePolicyFactory (0x600000385a50)
  cache_index_and_filter_blocks: 0
  cache_index_and_filter_blocks_with_high_priority: 1
  pin_l0_filter_and_index_blocks_in_cache: 0
  pin_top_level_index_and_filter: 1
  index_type: 0
  data_block_index_type: 0
  index_shortening: 1
  data_block_hash_table_util_ratio: 0.750000
  hash_index_allow_collision: 1
  checksum: 1
  no_block_cache: 0
  block_cache: 0x600003080a18
  block_cache_name: LRUCache
  block_cache_options:
    capacity : 8388608
    num_shard_bits : 4
    strict_capacity_limit : 0
    memory_allocator : None
    high_pri_pool_ratio: 0.000
  block_cache_compressed: 0x0
  persistent_cache: 0x0
  block_size: 4096
  block_size_deviation: 10
  block_restart_interval: 16
  index_block_restart_interval: 1
  metadata_block_size: 4096
  partition_filters: 0
  use_delta_encoding: 1
  filter_policy: nullptr
  whole_key_filtering: 1
  verify_compression: 0
  read_amp_bytes_per_bit: 0
  format_version: 5
  enable_index_compression: 1
  block_align: 0
2022/04/25-22:34:19.825096 10fd47600        Options.write_buffer_size: 268435456
2022/04/25-22:34:19.825098 10fd47600  Options.max_write_buffer_number: 8
2022/04/25-22:34:19.825099 10fd47600          Options.compression: NoCompression
2022/04/25-22:34:19.825100 10fd47600                  Options.bottommost_compression: Disabled
2022/04/25-22:34:19.825101 10fd47600       Options.prefix_extractor: nullptr
2022/04/25-22:34:19.825102 10fd47600   Options.memtable_insert_with_hint_prefix_extractor: nullptr
2022/04/25-22:34:19.825103 10fd47600             Options.num_levels: 7
2022/04/25-22:34:19.825104 10fd47600        Options.min_write_buffer_number_to_merge: 1
2022/04/25-22:34:19.825105 10fd47600     Options.max_write_buffer_number_to_maintain: 0
2022/04/25-22:34:19.825106 10fd47600     Options.max_write_buffer_size_to_maintain: 0
2022/04/25-22:34:19.825107 10fd47600            Options.bottommost_compression_opts.window_bits: -14
2022/04/25-22:34:19.825158 10fd47600                  Options.bottommost_compression_opts.level: 32767
2022/04/25-22:34:19.825162 10fd47600               Options.bottommost_compression_opts.strategy: 0
2022/04/25-22:34:19.825163 10fd47600         Options.bottommost_compression_opts.max_dict_bytes: 0
2022/04/25-22:34:19.825164 10fd47600         Options.bottommost_compression_opts.zstd_max_train_bytes: 0
2022/04/25-22:34:19.825165 10fd47600         Options.bottommost_compression_opts.parallel_threads: 1
2022/04/25-22:34:19.825166 10fd47600                  Options.bottommost_compression_opts.enabled: false
2022/04/25-22:34:19.825168 10fd47600         Options.bottommost_compression_opts.max_dict_buffer_bytes: 0
2022/04/25-22:34:19.825169 10fd47600            Options.compression_opts.window_bits: -14
2022/04/25-22:34:19.825170 10fd47600                  Options.compression_opts.level: 32767
2022/04/25-22:34:19.825171 10fd47600               Options.compression_opts.strategy: 0
2022/04/25-22:34:19.825172 10fd47600         Options.compression_opts.max_dict_bytes: 0
2022/04/25-22:34:19.825173 10fd47600         Options.compression_opts.zstd_max_train_bytes: 0
2022/04/25-22:34:19.825174 10fd47600         Options.compression_opts.parallel_threads: 1
2022/04/25-22:34:19.825175 10fd47600                  Options.compression_opts.enabled: false
2022/04/25-22:34:19.825176 10fd47600         Options.compression_opts.max_dict_buffer_bytes: 0
2022/04/25-22:34:19.825177 10fd47600      Options.level0_file_num_compaction_trigger: 4
2022/04/25-22:34:19.825179 10fd47600          Options.level0_slowdown_writes_trigger: 20
2022/04/25-22:34:19.825180 10fd47600              Options.level0_stop_writes_trigger: 36
2022/04/25-22:34:19.825181 10fd47600                   Options.target_file_size_base: 107374182
2022/04/25-22:34:19.825182 10fd47600             Options.target_file_size_multiplier: 1
2022/04/25-22:34:19.825183 10fd47600                Options.max_bytes_for_level_base: 1073741824
2022/04/25-22:34:19.825184 10fd47600 Options.level_compaction_dynamic_level_bytes: 0
2022/04/25-22:34:19.825185 10fd47600          Options.max_bytes_for_level_multiplier: 10.000000
2022/04/25-22:34:19.825186 10fd47600 Options.max_bytes_for_level_multiplier_addtl[0]: 1
2022/04/25-22:34:19.825188 10fd47600 Options.max_bytes_for_level_multiplier_addtl[1]: 1
2022/04/25-22:34:19.825189 10fd47600 Options.max_bytes_for_level_multiplier_addtl[2]: 1
2022/04/25-22:34:19.825190 10fd47600 Options.max_bytes_for_level_multiplier_addtl[3]: 1
2022/04/25-22:34:19.825191 10fd47600 Options.max_bytes_for_level_multiplier_addtl[4]: 1
2022/04/25-22:34:19.825192 10fd47600 Options.max_bytes_for_level_multiplier_addtl[5]: 1
2022/04/25-22:34:19.825193 10fd47600 Options.max_bytes_for_level_multiplier_addtl[6]: 1
2022/04/25-22:34:19.825194 10fd47600       Options.max_sequential_skip_in_iterations: 8
2022/04/25-22:34:19.825195 10fd47600                    Options.max_compaction_bytes: 2684354550
2022/04/25-22:34:19.825196 10fd47600                        Options.arena_block_size: 33554432
2022/04/25-22:34:19.825197 10fd47600   Options.soft_pending_compaction_bytes_limit: 68719476736
2022/04/25-22:34:19.825198 10fd47600   Options.hard_pending_compaction_bytes_limit: 274877906944
2022/04/25-22:34:19.825200 10fd47600       Options.rate_limit_delay_max_milliseconds: 100
2022/04/25-22:34:19.825201 10fd47600                Options.disable_auto_compactions: 0
2022/04/25-22:34:19.825202 10fd47600                        Options.compaction_style: kCompactionStyleLevel
2022/04/25-22:34:19.825203 10fd47600                          Options.compaction_pri: kMinOverlappingRatio
2022/04/25-22:34:19.825204 10fd47600 Options.compaction_options_universal.size_ratio: 1
2022/04/25-22:34:19.825205 10fd47600 Options.compaction_options_universal.min_merge_width: 2
2022/04/25-22:34:19.825206 10fd47600 Options.compaction_options_universal.max_merge_width: 4294967295
2022/04/25-22:34:19.825207 10fd47600 Options.compaction_options_universal.max_size_amplification_percent: 200
2022/04/25-22:34:19.825250 10fd47600 Options.compaction_options_universal.compression_size_percent: -1
2022/04/25-22:34:19.825254 10fd47600 Options.compaction_options_universal.stop_style: kCompactionStopStyleTotalSize
2022/04/25-22:34:19.825255 10fd47600 Options.compaction_options_fifo.max_table_files_size: 1073741824
2022/04/25-22:34:19.825256 10fd47600 Options.compaction_options_fifo.allow_compaction: 0
2022/04/25-22:34:19.825258 10fd47600                   Options.table_properties_collectors: 
2022/04/25-22:34:19.825259 10fd47600                   Options.inplace_update_support: 0
2022/04/25-22:34:19.825260 10fd47600                 Options.inplace_update_num_locks: 10000
2022/04/25-22:34:19.825261 10fd47600               Options.memtable_prefix_bloom_size_ratio: 0.000000
2022/04/25-22:34:19.825262 10fd47600               Options.memtable_whole_key_filtering: 0
2022/04/25-22:34:19.825263 10fd47600   Options.memtable_huge_page_size: 0
2022/04/25-22:34:19.825264 10fd47600                           Options.bloom_locality: 0
2022/04/25-22:34:19.825265 10fd47600                    Options.max_successive_merges: 0
2022/04/25-22:34:19.825266 10fd47600                Options.optimize_filters_for_hits: 0
2022/04/25-22:34:19.825267 10fd47600                Options.paranoid_file_checks: 0
2022/04/25-22:34:19.825268 10fd47600                Options.force_consistency_checks: 1
2022/04/25-22:34:19.825270 10fd47600                Options.report_bg_io_stats: 0
2022/04/25-22:34:19.825271 10fd47600                               Options.ttl: 2592000
2022/04/25-22:34:19.825272 10fd47600          Options.periodic_compaction_seconds: 2592000
2022/04/25-22:34:19.825273 10fd47600                    Options.enable_blob_files: false
2022/04/25-22:34:19.825274 10fd47600                        Options.min_blob_size: 0
2022/04/25-22:34:19.825275 10fd47600                       Options.blob_file_size: 268435456
2022/04/25-22:34:19.825276 10fd47600                Options.blob_compression_type: NoCompression
2022/04/25-22:34:19.825277 10fd47600       Options.enable_blob_garbage_collection: false
2022/04/25-22:34:19.825278 10fd47600   Options.blob_garbage_collection_age_cutoff: 0.250000
2022/04/25-22:34:19.825396 10fd47600 [db/column_family.cc:598] --------------- Options for column family [dead_slots]:
2022/04/25-22:34:19.825402 10fd47600               Options.comparator: leveldb.BytewiseComparator
2022/04/25-22:34:19.825404 10fd47600           Options.merge_operator: None
2022/04/25-22:34:19.825405 10fd47600        Options.compaction_filter: None
2022/04/25-22:34:19.825407 10fd47600        Options.compaction_filter_factory: purged_slot_filter_factory(dead_slots)
2022/04/25-22:34:19.825409 10fd47600  Options.sst_partitioner_factory: None
2022/04/25-22:34:19.825410 10fd47600         Options.memtable_factory: SkipListFactory
2022/04/25-22:34:19.825412 10fd47600            Options.table_factory: BlockBasedTable
2022/04/25-22:34:19.825433 10fd47600            table_factory options:   flush_block_policy_factory: FlushBlockBySizePolicyFactory (0x600000385720)
  cache_index_and_filter_blocks: 0
  cache_index_and_filter_blocks_with_high_priority: 1
  pin_l0_filter_and_index_blocks_in_cache: 0
  pin_top_level_index_and_filter: 1
  index_type: 0
  data_block_index_type: 0
  index_shortening: 1
  data_block_hash_table_util_ratio: 0.750000
  hash_index_allow_collision: 1
  checksum: 1
  no_block_cache: 0
  block_cache: 0x600003080dd8
  block_cache_name: LRUCache
  block_cache_options:
    capacity : 8388608
    num_shard_bits : 4
    strict_capacity_limit : 0
    memory_allocator : None
    high_pri_pool_ratio: 0.000
  block_cache_compressed: 0x0
  persistent_cache: 0x0
  block_size: 4096
  block_size_deviation: 10
  block_restart_interval: 16
  index_block_restart_interval: 1
  metadata_block_size: 4096
  partition_filters: 0
  use_delta_encoding: 1
  filter_policy: nullptr
  whole_key_filtering: 1
  verify_compression: 0
  read_amp_bytes_per_bit: 0
  format_version: 5
  enable_index_compression: 1
  block_align: 0
2022/04/25-22:34:19.825439 10fd47600        Options.write_buffer_size: 268435456
2022/04/25-22:34:19.825503 10fd47600  Options.max_write_buffer_number: 8
2022/04/25-22:34:19.825506 10fd47600          Options.compression: NoCompression
2022/04/25-22:34:19.825507 10fd47600                  Options.bottommost_compression: Disabled
2022/04/25-22:34:19.825508 10fd47600       Options.prefix_extractor: nullptr
2022/04/25-22:34:19.825509 10fd47600   Options.memtable_insert_with_hint_prefix_extractor: nullptr
2022/04/25-22:34:19.825510 10fd47600             Options.num_levels: 7
2022/04/25-22:34:19.825511 10fd47600        Options.min_write_buffer_number_to_merge: 1
2022/04/25-22:34:19.825512 10fd47600     Options.max_write_buffer_number_to_maintain: 0
2022/04/25-22:34:19.825513 10fd47600     Options.max_write_buffer_size_to_maintain: 0
2022/04/25-22:34:19.825514 10fd47600            Options.bottommost_compression_opts.window_bits: -14
2022/04/25-22:34:19.825516 10fd47600                  Options.bottommost_compression_opts.level: 32767
2022/04/25-22:34:19.825517 10fd47600               Options.bottommost_compression_opts.strategy: 0
2022/04/25-22:34:19.825518 10fd47600         Options.bottommost_compression_opts.max_dict_bytes: 0
2022/04/25-22:34:19.825519 10fd47600         Options.bottommost_compression_opts.zstd_max_train_bytes: 0
2022/04/25-22:34:19.825520 10fd47600         Options.bottommost_compression_opts.parallel_threads: 1
2022/04/25-22:34:19.825521 10fd47600                  Options.bottommost_compression_opts.enabled: false
2022/04/25-22:34:19.825522 10fd47600         Options.bottommost_compression_opts.max_dict_buffer_bytes: 0
2022/04/25-22:34:19.825523 10fd47600            Options.compression_opts.window_bits: -14
2022/04/25-22:34:19.825525 10fd47600                  Options.compression_opts.level: 32767
2022/04/25-22:34:19.825526 10fd47600               Options.compression_opts.strategy: 0
2022/04/25-22:34:19.825527 10fd47600         Options.compression_opts.max_dict_bytes: 0
2022/04/25-22:34:19.825528 10fd47600         Options.compression_opts.zstd_max_train_bytes: 0
2022/04/25-22:34:19.825529 10fd47600         Options.compression_opts.parallel_threads: 1
2022/04/25-22:34:19.825530 10fd47600                  Options.compression_opts.enabled: false
2022/04/25-22:34:19.825531 10fd47600         Options.compression_opts.max_dict_buffer_bytes: 0
2022/04/25-22:34:19.825532 10fd47600      Options.level0_file_num_compaction_trigger: 4
2022/04/25-22:34:19.825533 10fd47600          Options.level0_slowdown_writes_trigger: 20
2022/04/25-22:34:19.825534 10fd47600              Options.level0_stop_writes_trigger: 36
2022/04/25-22:34:19.825535 10fd47600                   Options.target_file_size_base: 107374182
2022/04/25-22:34:19.825536 10fd47600             Options.target_file_size_multiplier: 1
2022/04/25-22:34:19.825537 10fd47600                Options.max_bytes_for_level_base: 1073741824
2022/04/25-22:34:19.825539 10fd47600 Options.level_compaction_dynamic_level_bytes: 0
2022/04/25-22:34:19.825540 10fd47600          Options.max_bytes_for_level_multiplier: 10.000000
2022/04/25-22:34:19.825541 10fd47600 Options.max_bytes_for_level_multiplier_addtl[0]: 1
2022/04/25-22:34:19.825543 10fd47600 Options.max_bytes_for_level_multiplier_addtl[1]: 1
2022/04/25-22:34:19.825544 10fd47600 Options.max_bytes_for_level_multiplier_addtl[2]: 1
2022/04/25-22:34:19.825545 10fd47600 Options.max_bytes_for_level_multiplier_addtl[3]: 1
2022/04/25-22:34:19.825546 10fd47600 Options.max_bytes_for_level_multiplier_addtl[4]: 1
2022/04/25-22:34:19.825547 10fd47600 Options.max_bytes_for_level_multiplier_addtl[5]: 1
2022/04/25-22:34:19.825548 10fd47600 Options.max_bytes_for_level_multiplier_addtl[6]: 1
2022/04/25-22:34:19.825549 10fd47600       Options.max_sequential_skip_in_iterations: 8
2022/04/25-22:34:19.825550 10fd47600                    Options.max_compaction_bytes: 2684354550
2022/04/25-22:34:19.825551 10fd47600                        Options.arena_block_size: 33554432
2022/04/25-22:34:19.825552 10fd47600   Options.soft_pending_compaction_bytes_limit: 68719476736
2022/04/25-22:34:19.825553 10fd47600   Options.hard_pending_compaction_bytes_limit: 274877906944
2022/04/25-22:34:19.825598 10fd47600       Options.rate_limit_delay_max_milliseconds: 100
2022/04/25-22:34:19.825600 10fd47600                Options.disable_auto_compactions: 0
2022/04/25-22:34:19.825606 10fd47600                        Options.compaction_style: kCompactionStyleLevel
2022/04/25-22:34:19.825607 10fd47600                          Options.compaction_pri: kMinOverlappingRatio
2022/04/25-22:34:19.825609 10fd47600 Options.compaction_options_universal.size_ratio: 1
2022/04/25-22:34:19.825610 10fd47600 Options.compaction_options_universal.min_merge_width: 2
2022/04/25-22:34:19.825611 10fd47600 Options.compaction_options_universal.max_merge_width: 4294967295
2022/04/25-22:34:19.825612 10fd47600 Options.compaction_options_universal.max_size_amplification_percent: 200
2022/04/25-22:34:19.825613 10fd47600 Options.compaction_options_universal.compression_size_percent: -1
2022/04/25-22:34:19.825615 10fd47600 Options.compaction_options_universal.stop_style: kCompactionStopStyleTotalSize
2022/04/25-22:34:19.825616 10fd47600 Options.compaction_options_fifo.max_table_files_size: 1073741824
2022/04/25-22:34:19.825617 10fd47600 Options.compaction_options_fifo.allow_compaction: 0
2022/04/25-22:34:19.825619 10fd47600                   Options.table_properties_collectors: 
2022/04/25-22:34:19.825620 10fd47600                   Options.inplace_update_support: 0
2022/04/25-22:34:19.825621 10fd47600                 Options.inplace_update_num_locks: 10000
2022/04/25-22:34:19.825622 10fd47600               Options.memtable_prefix_bloom_size_ratio: 0.000000
2022/04/25-22:34:19.825623 10fd47600               Options.memtable_whole_key_filtering: 0
2022/04/25-22:34:19.825624 10fd47600   Options.memtable_huge_page_size: 0
2022/04/25-22:34:19.825626 10fd47600                           Options.bloom_locality: 0
2022/04/25-22:34:19.825627 10fd47600                    Options.max_successive_merges: 0
2022/04/25-22:34:19.825628 10fd47600                Options.optimize_filters_for_hits: 0
2022/04/25-22:34:19.825629 10fd47600                Options.paranoid_file_checks: 0
2022/04/25-22:34:19.825630 10fd47600                Options.force_consistency_checks: 1
2022/04/25-22:34:19.825631 10fd47600                Options.report_bg_io_stats: 0
2022/04/25-22:34:19.825632 10fd47600                               Options.ttl: 2592000
2022/04/25-22:34:19.825633 10fd47600          Options.periodic_compaction_seconds: 2592000
2022/04/25-22:34:19.825634 10fd47600                    Options.enable_blob_files: false
2022/04/25-22:34:19.825635 10fd47600                        Options.min_blob_size: 0
2022/04/25-22:34:19.825636 10fd47600                       Options.blob_file_size: 268435456
2022/04/25-22:34:19.825637 10fd47600                Options.blob_compression_type: NoCompression
2022/04/25-22:34:19.825639 10fd47600       Options.enable_blob_garbage_collection: false
2022/04/25-22:34:19.825640 10fd47600   Options.blob_garbage_collection_age_cutoff: 0.250000
2022/04/25-22:34:19.825675 10fd47600 [db/column_family.cc:598] --------------- Options for column family [duplicate_slots]:
2022/04/25-22:34:19.825677 10fd47600               Options.comparator: leveldb.BytewiseComparator
2022/04/25-22:34:19.825678 10fd47600           Options.merge_operator: None
2022/04/25-22:34:19.825679 10fd47600        Options.compaction_filter: None
2022/04/25-22:34:19.825681 10fd47600        Options.compaction_filter_factory: purged_slot_filter_factory(duplicate_slots)
2022/04/25-22:34:19.825682 10fd47600  Options.sst_partitioner_factory: None
2022/04/25-22:34:19.825683 10fd47600         Options.memtable_factory: SkipListFactory
2022/04/25-22:34:19.825684 10fd47600            Options.table_factory: BlockBasedTable
2022/04/25-22:34:19.825726 10fd47600            table_factory options:   flush_block_policy_factory: FlushBlockBySizePolicyFactory (0x60000039c000)
  cache_index_and_filter_blocks: 0
  cache_index_and_filter_blocks_with_high_priority: 1
  pin_l0_filter_and_index_blocks_in_cache: 0
  pin_top_level_index_and_filter: 1
  index_type: 0
  data_block_index_type: 0
  index_shortening: 1
  data_block_hash_table_util_ratio: 0.750000
  hash_index_allow_collision: 1
  checksum: 1
  no_block_cache: 0
  block_cache: 0x600003094018
  block_cache_name: LRUCache
  block_cache_options:
    capacity : 8388608
    num_shard_bits : 4
    strict_capacity_limit : 0
    memory_allocator : None
    high_pri_pool_ratio: 0.000
  block_cache_compressed: 0x0
  persistent_cache: 0x0
  block_size: 4096
  block_size_deviation: 10
  block_restart_interval: 16
  index_block_restart_interval: 1
  metadata_block_size: 4096
  partition_filters: 0
  use_delta_encoding: 1
  filter_policy: nullptr
  whole_key_filtering: 1
  verify_compression: 0
  read_amp_bytes_per_bit: 0
  format_version: 5
  enable_index_compression: 1
  block_align: 0
2022/04/25-22:34:19.825816 10fd47600        Options.write_buffer_size: 268435456
2022/04/25-22:34:19.825821 10fd47600  Options.max_write_buffer_number: 8
2022/04/25-22:34:19.825822 10fd47600          Options.compression: NoCompression
2022/04/25-22:34:19.825824 10fd47600                  Options.bottommost_compression: Disabled
2022/04/25-22:34:19.825825 10fd47600       Options.prefix_extractor: nullptr
2022/04/25-22:34:19.825826 10fd47600   Options.memtable_insert_with_hint_prefix_extractor: nullptr
2022/04/25-22:34:19.825827 10fd47600             Options.num_levels: 7
2022/04/25-22:34:19.825828 10fd47600        Options.min_write_buffer_number_to_merge: 1
2022/04/25-22:34:19.825829 10fd47600     Options.max_write_buffer_number_to_maintain: 0
2022/04/25-22:34:19.825830 10fd47600     Options.max_write_buffer_size_to_maintain: 0
2022/04/25-22:34:19.825832 10fd47600            Options.bottommost_compression_opts.window_bits: -14
2022/04/25-22:34:19.825833 10fd47600                  Options.bottommost_compression_opts.level: 32767
2022/04/25-22:34:19.825834 10fd47600               Options.bottommost_compression_opts.strategy: 0
2022/04/25-22:34:19.825835 10fd47600         Options.bottommost_compression_opts.max_dict_bytes: 0
2022/04/25-22:34:19.825836 10fd47600         Options.bottommost_compression_opts.zstd_max_train_bytes: 0
2022/04/25-22:34:19.825837 10fd47600         Options.bottommost_compression_opts.parallel_threads: 1
2022/04/25-22:34:19.825839 10fd47600                  Options.bottommost_compression_opts.enabled: false
2022/04/25-22:34:19.825840 10fd47600         Options.bottommost_compression_opts.max_dict_buffer_bytes: 0
2022/04/25-22:34:19.825841 10fd47600            Options.compression_opts.window_bits: -14
2022/04/25-22:34:19.825842 10fd47600                  Options.compression_opts.level: 32767
2022/04/25-22:34:19.825843 10fd47600               Options.compression_opts.strategy: 0
2022/04/25-22:34:19.825844 10fd47600         Options.compression_opts.max_dict_bytes: 0
2022/04/25-22:34:19.825845 10fd47600         Options.compression_opts.zstd_max_train_bytes: 0
2022/04/25-22:34:19.825846 10fd47600         Options.compression_opts.parallel_threads: 1
