2022/04/25-22:34:18.904456 10fd47600 RocksDB version: 6.20.3
2022/04/25-22:34:18.905464 10fd47600 Git sha 8608d75d85f8e1b3b64b73a4fb6d19baec61ba5c
2022/04/25-22:34:18.905467 10fd47600 Compile date 2021-05-05 20:35:30
2022/04/25-22:34:18.905529 10fd47600 DB SUMMARY
2022/04/25-22:34:18.905550 10fd47600 DB Session ID:  X4SGVYGZFMAJS4YRAMEG
2022/04/25-22:34:18.905741 10fd47600 SST files in test-ledger/rocksdb dir, Total Num: 0, files: 
2022/04/25-22:34:18.905746 10fd47600 Write Ahead Log file in test-ledger/rocksdb: 
2022/04/25-22:34:18.905749 10fd47600                         Options.error_if_exists: 0
2022/04/25-22:34:18.905773 10fd47600                       Options.create_if_missing: 1
2022/04/25-22:34:18.905774 10fd47600                         Options.paranoid_checks: 1
2022/04/25-22:34:18.905776 10fd47600                               Options.track_and_verify_wals_in_manifest: 0
2022/04/25-22:34:18.905777 10fd47600                                     Options.env: 0x10e114348
2022/04/25-22:34:18.905778 10fd47600                                      Options.fs: Posix File System
2022/04/25-22:34:18.905780 10fd47600                                Options.info_log: 0x600002284460
2022/04/25-22:34:18.905781 10fd47600                Options.max_file_opening_threads: 16
2022/04/25-22:34:18.905782 10fd47600                              Options.statistics: 0x0
2022/04/25-22:34:18.905783 10fd47600                               Options.use_fsync: 0
2022/04/25-22:34:18.905784 10fd47600                       Options.max_log_file_size: 0
2022/04/25-22:34:18.905785 10fd47600                  Options.max_manifest_file_size: 1073741824
2022/04/25-22:34:18.905786 10fd47600                   Options.log_file_time_to_roll: 0
2022/04/25-22:34:18.905787 10fd47600                       Options.keep_log_file_num: 1000
2022/04/25-22:34:18.905788 10fd47600                    Options.recycle_log_file_num: 0
2022/04/25-22:34:18.905790 10fd47600                         Options.allow_fallocate: 1
2022/04/25-22:34:18.905791 10fd47600                        Options.allow_mmap_reads: 0
2022/04/25-22:34:18.905792 10fd47600                       Options.allow_mmap_writes: 0
2022/04/25-22:34:18.905793 10fd47600                        Options.use_direct_reads: 0
2022/04/25-22:34:18.905794 10fd47600                        Options.use_direct_io_for_flush_and_compaction: 0
2022/04/25-22:34:18.905795 10fd47600          Options.create_missing_column_families: 1
2022/04/25-22:34:18.905796 10fd47600                              Options.db_log_dir: 
2022/04/25-22:34:18.905797 10fd47600                                 Options.wal_dir: test-ledger/rocksdb
2022/04/25-22:34:18.905798 10fd47600                Options.table_cache_numshardbits: 6
2022/04/25-22:34:18.905799 10fd47600                         Options.WAL_ttl_seconds: 0
2022/04/25-22:34:18.905800 10fd47600                       Options.WAL_size_limit_MB: 0
2022/04/25-22:34:18.905801 10fd47600                        Options.max_write_batch_group_size_bytes: 1048576
2022/04/25-22:34:18.905802 10fd47600             Options.manifest_preallocation_size: 4194304
2022/04/25-22:34:18.905804 10fd47600                     Options.is_fd_close_on_exec: 1
2022/04/25-22:34:18.905805 10fd47600                   Options.advise_random_on_open: 1
2022/04/25-22:34:18.905806 10fd47600                    Options.db_write_buffer_size: 0
2022/04/25-22:34:18.905807 10fd47600                    Options.write_buffer_manager: 0x600000f86730
2022/04/25-22:34:18.905808 10fd47600         Options.access_hint_on_compaction_start: 1
2022/04/25-22:34:18.905809 10fd47600  Options.new_table_reader_for_compaction_inputs: 0
2022/04/25-22:34:18.905810 10fd47600           Options.random_access_max_buffer_size: 1048576
2022/04/25-22:34:18.905811 10fd47600                      Options.use_adaptive_mutex: 0
2022/04/25-22:34:18.905812 10fd47600                            Options.rate_limiter: 0x0
2022/04/25-22:34:18.905815 10fd47600     Options.sst_file_manager.rate_bytes_per_sec: 0
2022/04/25-22:34:18.905816 10fd47600                       Options.wal_recovery_mode: 2
2022/04/25-22:34:18.905817 10fd47600                  Options.enable_thread_tracking: 0
2022/04/25-22:34:18.905881 10fd47600                  Options.enable_pipelined_write: 0
2022/04/25-22:34:18.905884 10fd47600                  Options.unordered_write: 0
2022/04/25-22:34:18.905885 10fd47600         Options.allow_concurrent_memtable_write: 1
2022/04/25-22:34:18.905886 10fd47600      Options.enable_write_thread_adaptive_yield: 1
2022/04/25-22:34:18.905908 10fd47600             Options.write_thread_max_yield_usec: 100
2022/04/25-22:34:18.905910 10fd47600            Options.write_thread_slow_yield_usec: 3
2022/04/25-22:34:18.905911 10fd47600                               Options.row_cache: None
2022/04/25-22:34:18.905912 10fd47600                              Options.wal_filter: None
2022/04/25-22:34:18.905913 10fd47600             Options.avoid_flush_during_recovery: 0
2022/04/25-22:34:18.905914 10fd47600             Options.allow_ingest_behind: 0
2022/04/25-22:34:18.905915 10fd47600             Options.preserve_deletes: 0
2022/04/25-22:34:18.905916 10fd47600             Options.two_write_queues: 0
2022/04/25-22:34:18.905917 10fd47600             Options.manual_wal_flush: 0
2022/04/25-22:34:18.905918 10fd47600             Options.atomic_flush: 0
2022/04/25-22:34:18.905919 10fd47600             Options.avoid_unnecessary_blocking_io: 0
2022/04/25-22:34:18.905920 10fd47600                 Options.persist_stats_to_disk: 0
2022/04/25-22:34:18.905921 10fd47600                 Options.write_dbid_to_manifest: 0
2022/04/25-22:34:18.905922 10fd47600                 Options.log_readahead_size: 0
2022/04/25-22:34:18.905923 10fd47600                 Options.file_checksum_gen_factory: Unknown
2022/04/25-22:34:18.905925 10fd47600                 Options.best_efforts_recovery: 0
2022/04/25-22:34:18.905926 10fd47600                Options.max_bgerror_resume_count: 2147483647
2022/04/25-22:34:18.905927 10fd47600            Options.bgerror_resume_retry_interval: 1000000
2022/04/25-22:34:18.905928 10fd47600             Options.allow_data_in_errors: 0
2022/04/25-22:34:18.905929 10fd47600             Options.db_host_id: __hostname__
2022/04/25-22:34:18.905931 10fd47600             Options.max_background_jobs: 12
2022/04/25-22:34:18.905932 10fd47600             Options.max_background_compactions: -1
2022/04/25-22:34:18.905933 10fd47600             Options.max_subcompactions: 1
2022/04/25-22:34:18.905934 10fd47600             Options.avoid_flush_during_shutdown: 0
2022/04/25-22:34:18.905935 10fd47600           Options.writable_file_max_buffer_size: 1048576
2022/04/25-22:34:18.905936 10fd47600             Options.delayed_write_rate : 16777216
2022/04/25-22:34:18.905937 10fd47600             Options.max_total_wal_size: 4294967296
2022/04/25-22:34:18.905938 10fd47600             Options.delete_obsolete_files_period_micros: 21600000000
2022/04/25-22:34:18.905939 10fd47600                   Options.stats_dump_period_sec: 600
2022/04/25-22:34:18.905940 10fd47600                 Options.stats_persist_period_sec: 600
2022/04/25-22:34:18.905942 10fd47600                 Options.stats_history_buffer_size: 1048576
2022/04/25-22:34:18.905943 10fd47600                          Options.max_open_files: -1
2022/04/25-22:34:18.905944 10fd47600                          Options.bytes_per_sync: 0
2022/04/25-22:34:18.905945 10fd47600                      Options.wal_bytes_per_sync: 0
2022/04/25-22:34:18.905946 10fd47600                   Options.strict_bytes_per_sync: 0
2022/04/25-22:34:18.905947 10fd47600       Options.compaction_readahead_size: 0
2022/04/25-22:34:18.905948 10fd47600                  Options.max_background_flushes: -1
2022/04/25-22:34:18.905949 10fd47600 Compression algorithms supported:
2022/04/25-22:34:18.905951 10fd47600 	kZSTD supported: 0
2022/04/25-22:34:18.905953 10fd47600 	kZlibCompression supported: 0
2022/04/25-22:34:18.905955 10fd47600 	kXpressCompression supported: 0
2022/04/25-22:34:18.905956 10fd47600 	kSnappyCompression supported: 0
2022/04/25-22:34:18.905957 10fd47600 	kZSTDNotFinalCompression supported: 0
2022/04/25-22:34:18.905959 10fd47600 	kLZ4HCCompression supported: 1
2022/04/25-22:34:18.906000 10fd47600 	kLZ4Compression supported: 1
2022/04/25-22:34:18.906002 10fd47600 	kBZip2Compression supported: 0
2022/04/25-22:34:18.906006 10fd47600 Fast CRC32 supported: Not supported on x86
2022/04/25-22:34:18.909115 10fd47600 [db/db_impl/db_impl_open.cc:285] Creating manifest 1 
2022/04/25-22:34:18.912303 10fd47600 [db/version_set.cc:4627] Recovering from manifest file: test-ledger/rocksdb/MANIFEST-000001
2022/04/25-22:34:18.914196 10fd47600 [db/column_family.cc:598] --------------- Options for column family [default]:
2022/04/25-22:34:18.914268 10fd47600               Options.comparator: leveldb.BytewiseComparator
2022/04/25-22:34:18.914271 10fd47600           Options.merge_operator: None
2022/04/25-22:34:18.914273 10fd47600        Options.compaction_filter: None
2022/04/25-22:34:18.914274 10fd47600        Options.compaction_filter_factory: None
2022/04/25-22:34:18.914275 10fd47600  Options.sst_partitioner_factory: None
2022/04/25-22:34:18.914276 10fd47600         Options.memtable_factory: SkipListFactory
2022/04/25-22:34:18.914278 10fd47600            Options.table_factory: BlockBasedTable
2022/04/25-22:34:18.914308 10fd47600            table_factory options:   flush_block_policy_factory: FlushBlockBySizePolicyFactory (0x6000003855a0)
  cache_index_and_filter_blocks: 0
  cache_index_and_filter_blocks_with_high_priority: 1
  pin_l0_filter_and_index_blocks_in_cache: 0
  pin_top_level_index_and_filter: 1
  index_type: 0
  data_block_index_type: 0
  index_shortening: 1
  data_block_hash_table_util_ratio: 0.750000
  hash_index_allow_collision: 1
  checksum: 1
  no_block_cache: 0
  block_cache: 0x600003080a18
  block_cache_name: LRUCache
  block_cache_options:
    capacity : 8388608
    num_shard_bits : 4
    strict_capacity_limit : 0
    memory_allocator : None
    high_pri_pool_ratio: 0.000
  block_cache_compressed: 0x0
  persistent_cache: 0x0
  block_size: 4096
  block_size_deviation: 10
  block_restart_interval: 16
  index_block_restart_interval: 1
  metadata_block_size: 4096
  partition_filters: 0
  use_delta_encoding: 1
  filter_policy: nullptr
  whole_key_filtering: 1
  verify_compression: 0
  read_amp_bytes_per_bit: 0
  format_version: 5
  enable_index_compression: 1
  block_align: 0
2022/04/25-22:34:18.914314 10fd47600        Options.write_buffer_size: 67108864
2022/04/25-22:34:18.914315 10fd47600  Options.max_write_buffer_number: 2
2022/04/25-22:34:18.914317 10fd47600          Options.compression: NoCompression
2022/04/25-22:34:18.914318 10fd47600                  Options.bottommost_compression: Disabled
2022/04/25-22:34:18.914319 10fd47600       Options.prefix_extractor: nullptr
2022/04/25-22:34:18.914320 10fd47600   Options.memtable_insert_with_hint_prefix_extractor: nullptr
2022/04/25-22:34:18.914321 10fd47600             Options.num_levels: 7
2022/04/25-22:34:18.914322 10fd47600        Options.min_write_buffer_number_to_merge: 1
2022/04/25-22:34:18.914323 10fd47600     Options.max_write_buffer_number_to_maintain: 0
2022/04/25-22:34:18.914324 10fd47600     Options.max_write_buffer_size_to_maintain: 0
2022/04/25-22:34:18.914325 10fd47600            Options.bottommost_compression_opts.window_bits: -14
2022/04/25-22:34:18.914327 10fd47600                  Options.bottommost_compression_opts.level: 32767
2022/04/25-22:34:18.914328 10fd47600               Options.bottommost_compression_opts.strategy: 0
2022/04/25-22:34:18.914329 10fd47600         Options.bottommost_compression_opts.max_dict_bytes: 0
2022/04/25-22:34:18.914330 10fd47600         Options.bottommost_compression_opts.zstd_max_train_bytes: 0
2022/04/25-22:34:18.914331 10fd47600         Options.bottommost_compression_opts.parallel_threads: 1
2022/04/25-22:34:18.914332 10fd47600                  Options.bottommost_compression_opts.enabled: false
2022/04/25-22:34:18.914333 10fd47600         Options.bottommost_compression_opts.max_dict_buffer_bytes: 0
2022/04/25-22:34:18.914334 10fd47600            Options.compression_opts.window_bits: -14
2022/04/25-22:34:18.914336 10fd47600                  Options.compression_opts.level: 32767
2022/04/25-22:34:18.914337 10fd47600               Options.compression_opts.strategy: 0
2022/04/25-22:34:18.914433 10fd47600         Options.compression_opts.max_dict_bytes: 0
2022/04/25-22:34:18.914437 10fd47600         Options.compression_opts.zstd_max_train_bytes: 0
2022/04/25-22:34:18.914438 10fd47600         Options.compression_opts.parallel_threads: 1
2022/04/25-22:34:18.914439 10fd47600                  Options.compression_opts.enabled: false
2022/04/25-22:34:18.914440 10fd47600         Options.compression_opts.max_dict_buffer_bytes: 0
2022/04/25-22:34:18.914441 10fd47600      Options.level0_file_num_compaction_trigger: 4
2022/04/25-22:34:18.914442 10fd47600          Options.level0_slowdown_writes_trigger: 20
2022/04/25-22:34:18.914443 10fd47600              Options.level0_stop_writes_trigger: 36
2022/04/25-22:34:18.914445 10fd47600                   Options.target_file_size_base: 67108864
2022/04/25-22:34:18.914446 10fd47600             Options.target_file_size_multiplier: 1
2022/04/25-22:34:18.914447 10fd47600                Options.max_bytes_for_level_base: 268435456
2022/04/25-22:34:18.914448 10fd47600 Options.level_compaction_dynamic_level_bytes: 0
2022/04/25-22:34:18.914449 10fd47600          Options.max_bytes_for_level_multiplier: 10.000000
2022/04/25-22:34:18.914451 10fd47600 Options.max_bytes_for_level_multiplier_addtl[0]: 1
2022/04/25-22:34:18.914453 10fd47600 Options.max_bytes_for_level_multiplier_addtl[1]: 1
2022/04/25-22:34:18.914454 10fd47600 Options.max_bytes_for_level_multiplier_addtl[2]: 1
2022/04/25-22:34:18.914455 10fd47600 Options.max_bytes_for_level_multiplier_addtl[3]: 1
2022/04/25-22:34:18.914456 10fd47600 Options.max_bytes_for_level_multiplier_addtl[4]: 1
2022/04/25-22:34:18.914457 10fd47600 Options.max_bytes_for_level_multiplier_addtl[5]: 1
2022/04/25-22:34:18.914458 10fd47600 Options.max_bytes_for_level_multiplier_addtl[6]: 1
2022/04/25-22:34:18.914459 10fd47600       Options.max_sequential_skip_in_iterations: 8
2022/04/25-22:34:18.914460 10fd47600                    Options.max_compaction_bytes: 1677721600
2022/04/25-22:34:18.914461 10fd47600                        Options.arena_block_size: 8388608
2022/04/25-22:34:18.914462 10fd47600   Options.soft_pending_compaction_bytes_limit: 68719476736
2022/04/25-22:34:18.914464 10fd47600   Options.hard_pending_compaction_bytes_limit: 274877906944
2022/04/25-22:34:18.914465 10fd47600       Options.rate_limit_delay_max_milliseconds: 100
2022/04/25-22:34:18.914466 10fd47600                Options.disable_auto_compactions: 0
2022/04/25-22:34:18.914467 10fd47600                        Options.compaction_style: kCompactionStyleLevel
2022/04/25-22:34:18.914469 10fd47600                          Options.compaction_pri: kMinOverlappingRatio
2022/04/25-22:34:18.914470 10fd47600 Options.compaction_options_universal.size_ratio: 1
2022/04/25-22:34:18.914471 10fd47600 Options.compaction_options_universal.min_merge_width: 2
2022/04/25-22:34:18.914472 10fd47600 Options.compaction_options_universal.max_merge_width: 4294967295
2022/04/25-22:34:18.914473 10fd47600 Options.compaction_options_universal.max_size_amplification_percent: 200
2022/04/25-22:34:18.914474 10fd47600 Options.compaction_options_universal.compression_size_percent: -1
2022/04/25-22:34:18.914476 10fd47600 Options.compaction_options_universal.stop_style: kCompactionStopStyleTotalSize
2022/04/25-22:34:18.914478 10fd47600 Options.compaction_options_fifo.max_table_files_size: 1073741824
2022/04/25-22:34:18.914479 10fd47600 Options.compaction_options_fifo.allow_compaction: 0
2022/04/25-22:34:18.914482 10fd47600                   Options.table_properties_collectors: 
2022/04/25-22:34:18.914483 10fd47600                   Options.inplace_update_support: 0
2022/04/25-22:34:18.914484 10fd47600                 Options.inplace_update_num_locks: 10000
2022/04/25-22:34:18.914485 10fd47600               Options.memtable_prefix_bloom_size_ratio: 0.000000
2022/04/25-22:34:18.914486 10fd47600               Options.memtable_whole_key_filtering: 0
2022/04/25-22:34:18.914488 10fd47600   Options.memtable_huge_page_size: 0
2022/04/25-22:34:18.914536 10fd47600                           Options.bloom_locality: 0
2022/04/25-22:34:18.914538 10fd47600                    Options.max_successive_merges: 0
2022/04/25-22:34:18.914539 10fd47600                Options.optimize_filters_for_hits: 0
2022/04/25-22:34:18.914540 10fd47600                Options.paranoid_file_checks: 0
2022/04/25-22:34:18.914541 10fd47600                Options.force_consistency_checks: 1
2022/04/25-22:34:18.914542 10fd47600                Options.report_bg_io_stats: 0
2022/04/25-22:34:18.914543 10fd47600                               Options.ttl: 2592000
2022/04/25-22:34:18.914544 10fd47600          Options.periodic_compaction_seconds: 0
2022/04/25-22:34:18.914545 10fd47600                    Options.enable_blob_files: false
2022/04/25-22:34:18.914546 10fd47600                        Options.min_blob_size: 0
2022/04/25-22:34:18.914547 10fd47600                       Options.blob_file_size: 268435456
2022/04/25-22:34:18.914548 10fd47600                Options.blob_compression_type: NoCompression
2022/04/25-22:34:18.914549 10fd47600       Options.enable_blob_garbage_collection: false
2022/04/25-22:34:18.914550 10fd47600   Options.blob_garbage_collection_age_cutoff: 0.250000
2022/04/25-22:34:18.916069 10fd47600 [db/version_set.cc:4675] Recovered from manifest file:test-ledger/rocksdb/MANIFEST-000001 succeeded,manifest_file_number is 1, next_file_number is 3, last_sequence is 0, log_number is 0,prev_log_number is 0,max_column_family is 0,min_log_number_to_keep is 0
2022/04/25-22:34:18.916076 10fd47600 [db/version_set.cc:4684] Column family [default] (ID 0), log number is 0
2022/04/25-22:34:18.916685 10fd47600 [db/version_set.cc:4119] Creating manifest 4
2022/04/25-22:34:18.920278 10fd47600 [db/column_family.cc:598] --------------- Options for column family [meta]:
2022/04/25-22:34:18.920291 10fd47600               Options.comparator: leveldb.BytewiseComparator
2022/04/25-22:34:18.920294 10fd47600           Options.merge_operator: None
2022/04/25-22:34:18.920295 10fd47600        Options.compaction_filter: None
2022/04/25-22:34:18.920716 10fd47600        Options.compaction_filter_factory: purged_slot_filter_factory(meta)
2022/04/25-22:34:18.920723 10fd47600  Options.sst_partitioner_factory: None
2022/04/25-22:34:18.920725 10fd47600         Options.memtable_factory: SkipListFactory
2022/04/25-22:34:18.920727 10fd47600            Options.table_factory: BlockBasedTable
2022/04/25-22:34:18.920769 10fd47600            table_factory options:   flush_block_policy_factory: FlushBlockBySizePolicyFactory (0x600000390130)
  cache_index_and_filter_blocks: 0
  cache_index_and_filter_blocks_with_high_priority: 1
  pin_l0_filter_and_index_blocks_in_cache: 0
  pin_top_level_index_and_filter: 1
  index_type: 0
  data_block_index_type: 0
  index_shortening: 1
  data_block_hash_table_util_ratio: 0.750000
  hash_index_allow_collision: 1
  checksum: 1
  no_block_cache: 0
  block_cache: 0x6000030900b8
  block_cache_name: LRUCache
  block_cache_options:
    capacity : 8388608
    num_shard_bits : 4
    strict_capacity_limit : 0
    memory_allocator : None
    high_pri_pool_ratio: 0.000
  block_cache_compressed: 0x0
  persistent_cache: 0x0
  block_size: 4096
  block_size_deviation: 10
  block_restart_interval: 16
  index_block_restart_interval: 1
  metadata_block_size: 4096
  partition_filters: 0
  use_delta_encoding: 1
  filter_policy: nullptr
  whole_key_filtering: 1
  verify_compression: 0
  read_amp_bytes_per_bit: 0
  format_version: 5
  enable_index_compression: 1
  block_align: 0
2022/04/25-22:34:18.920786 10fd47600        Options.write_buffer_size: 268435456
2022/04/25-22:34:18.920787 10fd47600  Options.max_write_buffer_number: 8
2022/04/25-22:34:18.920788 10fd47600          Options.compression: NoCompression
2022/04/25-22:34:18.920789 10fd47600                  Options.bottommost_compression: Disabled
2022/04/25-22:34:18.920791 10fd47600       Options.prefix_extractor: nullptr
2022/04/25-22:34:18.920792 10fd47600   Options.memtable_insert_with_hint_prefix_extractor: nullptr
2022/04/25-22:34:18.920793 10fd47600             Options.num_levels: 7
2022/04/25-22:34:18.920794 10fd47600        Options.min_write_buffer_number_to_merge: 1
2022/04/25-22:34:18.920795 10fd47600     Options.max_write_buffer_number_to_maintain: 0
2022/04/25-22:34:18.920797 10fd47600     Options.max_write_buffer_size_to_maintain: 0
2022/04/25-22:34:18.920798 10fd47600            Options.bottommost_compression_opts.window_bits: -14
2022/04/25-22:34:18.920800 10fd47600                  Options.bottommost_compression_opts.level: 32767
2022/04/25-22:34:18.920803 10fd47600               Options.bottommost_compression_opts.strategy: 0
2022/04/25-22:34:18.920805 10fd47600         Options.bottommost_compression_opts.max_dict_bytes: 0
2022/04/25-22:34:18.920806 10fd47600         Options.bottommost_compression_opts.zstd_max_train_bytes: 0
2022/04/25-22:34:18.920810 10fd47600         Options.bottommost_compression_opts.parallel_threads: 1
2022/04/25-22:34:18.920811 10fd47600                  Options.bottommost_compression_opts.enabled: false
2022/04/25-22:34:18.920813 10fd47600         Options.bottommost_compression_opts.max_dict_buffer_bytes: 0
2022/04/25-22:34:18.920816 10fd47600            Options.compression_opts.window_bits: -14
2022/04/25-22:34:18.920817 10fd47600                  Options.compression_opts.level: 32767
2022/04/25-22:34:18.920818 10fd47600               Options.compression_opts.strategy: 0
2022/04/25-22:34:18.920819 10fd47600         Options.compression_opts.max_dict_bytes: 0
2022/04/25-22:34:18.920820 10fd47600         Options.compression_opts.zstd_max_train_bytes: 0
2022/04/25-22:34:18.920822 10fd47600         Options.compression_opts.parallel_threads: 1
2022/04/25-22:34:18.920823 10fd47600                  Options.compression_opts.enabled: false
2022/04/25-22:34:18.920884 10fd47600         Options.compression_opts.max_dict_buffer_bytes: 0
2022/04/25-22:34:18.920887 10fd47600      Options.level0_file_num_compaction_trigger: 4
2022/04/25-22:34:18.920888 10fd47600          Options.level0_slowdown_writes_trigger: 20
2022/04/25-22:34:18.920889 10fd47600              Options.level0_stop_writes_trigger: 36
2022/04/25-22:34:18.920890 10fd47600                   Options.target_file_size_base: 107374182
2022/04/25-22:34:18.920891 10fd47600             Options.target_file_size_multiplier: 1
2022/04/25-22:34:18.920892 10fd47600                Options.max_bytes_for_level_base: 1073741824
2022/04/25-22:34:18.920893 10fd47600 Options.level_compaction_dynamic_level_bytes: 0
2022/04/25-22:34:18.920894 10fd47600          Options.max_bytes_for_level_multiplier: 10.000000
2022/04/25-22:34:18.920897 10fd47600 Options.max_bytes_for_level_multiplier_addtl[0]: 1
2022/04/25-22:34:18.920898 10fd47600 Options.max_bytes_for_level_multiplier_addtl[1]: 1
2022/04/25-22:34:18.920899 10fd47600 Options.max_bytes_for_level_multiplier_addtl[2]: 1
2022/04/25-22:34:18.920900 10fd47600 Options.max_bytes_for_level_multiplier_addtl[3]: 1
2022/04/25-22:34:18.920901 10fd47600 Options.max_bytes_for_level_multiplier_addtl[4]: 1
2022/04/25-22:34:18.920902 10fd47600 Options.max_bytes_for_level_multiplier_addtl[5]: 1
2022/04/25-22:34:18.920903 10fd47600 Options.max_bytes_for_level_multiplier_addtl[6]: 1
2022/04/25-22:34:18.920904 10fd47600       Options.max_sequential_skip_in_iterations: 8
2022/04/25-22:34:18.920905 10fd47600                    Options.max_compaction_bytes: 2684354550
2022/04/25-22:34:18.920906 10fd47600                        Options.arena_block_size: 33554432
2022/04/25-22:34:18.920908 10fd47600   Options.soft_pending_compaction_bytes_limit: 68719476736
2022/04/25-22:34:18.920909 10fd47600   Options.hard_pending_compaction_bytes_limit: 274877906944
2022/04/25-22:34:18.920910 10fd47600       Options.rate_limit_delay_max_milliseconds: 100
2022/04/25-22:34:18.920911 10fd47600                Options.disable_auto_compactions: 0
2022/04/25-22:34:18.920912 10fd47600                        Options.compaction_style: kCompactionStyleLevel
2022/04/25-22:34:18.920914 10fd47600                          Options.compaction_pri: kMinOverlappingRatio
2022/04/25-22:34:18.920915 10fd47600 Options.compaction_options_universal.size_ratio: 1
2022/04/25-22:34:18.920916 10fd47600 Options.compaction_options_universal.min_merge_width: 2
2022/04/25-22:34:18.920917 10fd47600 Options.compaction_options_universal.max_merge_width: 4294967295
2022/04/25-22:34:18.920918 10fd47600 Options.compaction_options_universal.max_size_amplification_percent: 200
2022/04/25-22:34:18.920920 10fd47600 Options.compaction_options_universal.compression_size_percent: -1
2022/04/25-22:34:18.920921 10fd47600 Options.compaction_options_universal.stop_style: kCompactionStopStyleTotalSize
2022/04/25-22:34:18.920922 10fd47600 Options.compaction_options_fifo.max_table_files_size: 1073741824
2022/04/25-22:34:18.920924 10fd47600 Options.compaction_options_fifo.allow_compaction: 0
2022/04/25-22:34:18.920926 10fd47600                   Options.table_properties_collectors: 
2022/04/25-22:34:18.920928 10fd47600                   Options.inplace_update_support: 0
2022/04/25-22:34:18.920929 10fd47600                 Options.inplace_update_num_locks: 10000
2022/04/25-22:34:18.920930 10fd47600               Options.memtable_prefix_bloom_size_ratio: 0.000000
2022/04/25-22:34:18.920931 10fd47600               Options.memtable_whole_key_filtering: 0
2022/04/25-22:34:18.920932 10fd47600   Options.memtable_huge_page_size: 0
2022/04/25-22:34:18.920933 10fd47600                           Options.bloom_locality: 0
2022/04/25-22:34:18.920934 10fd47600                    Options.max_successive_merges: 0
2022/04/25-22:34:18.920935 10fd47600                Options.optimize_filters_for_hits: 0
2022/04/25-22:34:18.920936 10fd47600                Options.paranoid_file_checks: 0
2022/04/25-22:34:18.920937 10fd47600                Options.force_consistency_checks: 1
2022/04/25-22:34:18.920971 10fd47600                Options.report_bg_io_stats: 0
2022/04/25-22:34:18.920973 10fd47600                               Options.ttl: 2592000
2022/04/25-22:34:18.920974 10fd47600          Options.periodic_compaction_seconds: 2592000
2022/04/25-22:34:18.920975 10fd47600                    Options.enable_blob_files: false
2022/04/25-22:34:18.920976 10fd47600                        Options.min_blob_size: 0
2022/04/25-22:34:18.920977 10fd47600                       Options.blob_file_size: 268435456
2022/04/25-22:34:18.920978 10fd47600                Options.blob_compression_type: NoCompression
2022/04/25-22:34:18.920979 10fd47600       Options.enable_blob_garbage_collection: false
2022/04/25-22:34:18.920980 10fd47600   Options.blob_garbage_collection_age_cutoff: 0.250000
2022/04/25-22:34:18.921124 10fd47600 [db/db_impl/db_impl.cc:2662] Created column family [meta] (ID 1)
2022/04/25-22:34:18.930482 10fd47600 [db/column_family.cc:598] --------------- Options for column family [dead_slots]:
2022/04/25-22:34:18.930491 10fd47600               Options.comparator: leveldb.BytewiseComparator
2022/04/25-22:34:18.930493 10fd47600           Options.merge_operator: None
2022/04/25-22:34:18.930494 10fd47600        Options.compaction_filter: None
2022/04/25-22:34:18.930496 10fd47600        Options.compaction_filter_factory: purged_slot_filter_factory(dead_slots)
2022/04/25-22:34:18.930497 10fd47600  Options.sst_partitioner_factory: None
2022/04/25-22:34:18.930498 10fd47600         Options.memtable_factory: SkipListFactory
2022/04/25-22:34:18.930499 10fd47600            Options.table_factory: BlockBasedTable
2022/04/25-22:34:18.930521 10fd47600            table_factory options:   flush_block_policy_factory: FlushBlockBySizePolicyFactory (0x60000038c330)
  cache_index_and_filter_blocks: 0
  cache_index_and_filter_blocks_with_high_priority: 1
  pin_l0_filter_and_index_blocks_in_cache: 0
  pin_top_level_index_and_filter: 1
  index_type: 0
  data_block_index_type: 0
  index_shortening: 1
  data_block_hash_table_util_ratio: 0.750000
  hash_index_allow_collision: 1
  checksum: 1
  no_block_cache: 0
  block_cache: 0x6000030880b8
  block_cache_name: LRUCache
  block_cache_options:
    capacity : 8388608
    num_shard_bits : 4
    strict_capacity_limit : 0
    memory_allocator : None
    high_pri_pool_ratio: 0.000
  block_cache_compressed: 0x0
  persistent_cache: 0x0
  block_size: 4096
  block_size_deviation: 10
  block_restart_interval: 16
  index_block_restart_interval: 1
  metadata_block_size: 4096
  partition_filters: 0
  use_delta_encoding: 1
  filter_policy: nullptr
  whole_key_filtering: 1
  verify_compression: 0
  read_amp_bytes_per_bit: 0
  format_version: 5
  enable_index_compression: 1
  block_align: 0
2022/04/25-22:34:18.930525 10fd47600        Options.write_buffer_size: 268435456
2022/04/25-22:34:18.930527 10fd47600  Options.max_write_buffer_number: 8
2022/04/25-22:34:18.930528 10fd47600          Options.compression: NoCompression
2022/04/25-22:34:18.930529 10fd47600                  Options.bottommost_compression: Disabled
2022/04/25-22:34:18.930530 10fd47600       Options.prefix_extractor: nullptr
2022/04/25-22:34:18.930531 10fd47600   Options.memtable_insert_with_hint_prefix_extractor: nullptr
2022/04/25-22:34:18.930532 10fd47600             Options.num_levels: 7
2022/04/25-22:34:18.930533 10fd47600        Options.min_write_buffer_number_to_merge: 1
2022/04/25-22:34:18.930534 10fd47600     Options.max_write_buffer_number_to_maintain: 0
2022/04/25-22:34:18.930535 10fd47600     Options.max_write_buffer_size_to_maintain: 0
2022/04/25-22:34:18.930537 10fd47600            Options.bottommost_compression_opts.window_bits: -14
2022/04/25-22:34:18.930538 10fd47600                  Options.bottommost_compression_opts.level: 32767
2022/04/25-22:34:18.930539 10fd47600               Options.bottommost_compression_opts.strategy: 0
2022/04/25-22:34:18.930540 10fd47600         Options.bottommost_compression_opts.max_dict_bytes: 0
2022/04/25-22:34:18.930541 10fd47600         Options.bottommost_compression_opts.zstd_max_train_bytes: 0
2022/04/25-22:34:18.930542 10fd47600         Options.bottommost_compression_opts.parallel_threads: 1
2022/04/25-22:34:18.930543 10fd47600                  Options.bottommost_compression_opts.enabled: false
2022/04/25-22:34:18.930544 10fd47600         Options.bottommost_compression_opts.max_dict_buffer_bytes: 0
2022/04/25-22:34:18.930546 10fd47600            Options.compression_opts.window_bits: -14
2022/04/25-22:34:18.930547 10fd47600                  Options.compression_opts.level: 32767
2022/04/25-22:34:18.930548 10fd47600               Options.compression_opts.strategy: 0
2022/04/25-22:34:18.930549 10fd47600         Options.compression_opts.max_dict_bytes: 0
2022/04/25-22:34:18.930550 10fd47600         Options.compression_opts.zstd_max_train_bytes: 0
2022/04/25-22:34:18.930551 10fd47600         Options.compression_opts.parallel_threads: 1
2022/04/25-22:34:18.930552 10fd47600                  Options.compression_opts.enabled: false
2022/04/25-22:34:18.930591 10fd47600         Options.compression_opts.max_dict_buffer_bytes: 0
2022/04/25-22:34:18.930593 10fd47600      Options.level0_file_num_compaction_trigger: 4
2022/04/25-22:34:18.930594 10fd47600          Options.level0_slowdown_writes_trigger: 20
2022/04/25-22:34:18.930595 10fd47600              Options.level0_stop_writes_trigger: 36
2022/04/25-22:34:18.930596 10fd47600                   Options.target_file_size_base: 107374182
2022/04/25-22:34:18.930597 10fd47600             Options.target_file_size_multiplier: 1
2022/04/25-22:34:18.930598 10fd47600                Options.max_bytes_for_level_base: 1073741824
2022/04/25-22:34:18.930599 10fd47600 Options.level_compaction_dynamic_level_bytes: 0
2022/04/25-22:34:18.930600 10fd47600          Options.max_bytes_for_level_multiplier: 10.000000
2022/04/25-22:34:18.930602 10fd47600 Options.max_bytes_for_level_multiplier_addtl[0]: 1
2022/04/25-22:34:18.930603 10fd47600 Options.max_bytes_for_level_multiplier_addtl[1]: 1
2022/04/25-22:34:18.930605 10fd47600 Options.max_bytes_for_level_multiplier_addtl[2]: 1
2022/04/25-22:34:18.930606 10fd47600 Options.max_bytes_for_level_multiplier_addtl[3]: 1
2022/04/25-22:34:18.930607 10fd47600 Options.max_bytes_for_level_multiplier_addtl[4]: 1
2022/04/25-22:34:18.930608 10fd47600 Options.max_bytes_for_level_multiplier_addtl[5]: 1
2022/04/25-22:34:18.930609 10fd47600 Options.max_bytes_for_level_multiplier_addtl[6]: 1
2022/04/25-22:34:18.930610 10fd47600       Options.max_sequential_skip_in_iterations: 8
2022/04/25-22:34:18.930611 10fd47600                    Options.max_compaction_bytes: 2684354550
2022/04/25-22:34:18.930612 10fd47600                        Options.arena_block_size: 33554432
2022/04/25-22:34:18.930613 10fd47600   Options.soft_pending_compaction_bytes_limit: 68719476736
2022/04/25-22:34:18.930614 10fd47600   Options.hard_pending_compaction_bytes_limit: 274877906944
2022/04/25-22:34:18.930615 10fd47600       Options.rate_limit_delay_max_milliseconds: 100
2022/04/25-22:34:18.930616 10fd47600                Options.disable_auto_compactions: 0
2022/04/25-22:34:18.930618 10fd47600                        Options.compaction_style: kCompactionStyleLevel
2022/04/25-22:34:18.930619 10fd47600                          Options.compaction_pri: kMinOverlappingRatio
2022/04/25-22:34:18.930620 10fd47600 Options.compaction_options_universal.size_ratio: 1
2022/04/25-22:34:18.930621 10fd47600 Options.compaction_options_universal.min_merge_width: 2
2022/04/25-22:34:18.930622 10fd47600 Options.compaction_options_universal.max_merge_width: 4294967295
2022/04/25-22:34:18.930623 10fd47600 Options.compaction_options_universal.max_size_amplification_percent: 200
2022/04/25-22:34:18.930624 10fd47600 Options.compaction_options_universal.compression_size_percent: -1
2022/04/25-22:34:18.930626 10fd47600 Options.compaction_options_universal.stop_style: kCompactionStopStyleTotalSize
2022/04/25-22:34:18.930627 10fd47600 Options.compaction_options_fifo.max_table_files_size: 1073741824
2022/04/25-22:34:18.930628 10fd47600 Options.compaction_options_fifo.allow_compaction: 0
2022/04/25-22:34:18.930630 10fd47600                   Options.table_properties_collectors: 
2022/04/25-22:34:18.930631 10fd47600                   Options.inplace_update_support: 0
2022/04/25-22:34:18.930632 10fd47600                 Options.inplace_update_num_locks: 10000
2022/04/25-22:34:18.930633 10fd47600               Options.memtable_prefix_bloom_size_ratio: 0.000000
2022/04/25-22:34:18.930634 10fd47600               Options.memtable_whole_key_filtering: 0
2022/04/25-22:34:18.930636 10fd47600   Options.memtable_huge_page_size: 0
2022/04/25-22:34:18.930637 10fd47600                           Options.bloom_locality: 0
2022/04/25-22:34:18.930638 10fd47600                    Options.max_successive_merges: 0
2022/04/25-22:34:18.930639 10fd47600                Options.optimize_filters_for_hits: 0
2022/04/25-22:34:18.930640 10fd47600                Options.paranoid_file_checks: 0
2022/04/25-22:34:18.930641 10fd47600                Options.force_consistency_checks: 1
2022/04/25-22:34:18.930679 10fd47600                Options.report_bg_io_stats: 0
2022/04/25-22:34:18.930681 10fd47600                               Options.ttl: 2592000
2022/04/25-22:34:18.930682 10fd47600          Options.periodic_compaction_seconds: 2592000
2022/04/25-22:34:18.930683 10fd47600                    Options.enable_blob_files: false
2022/04/25-22:34:18.930684 10fd47600                        Options.min_blob_size: 0
2022/04/25-22:34:18.930685 10fd47600                       Options.blob_file_size: 268435456
2022/04/25-22:34:18.930687 10fd47600                Options.blob_compression_type: NoCompression
2022/04/25-22:34:18.930688 10fd47600       Options.enable_blob_garbage_collection: false
2022/04/25-22:34:18.930689 10fd47600   Options.blob_garbage_collection_age_cutoff: 0.250000
2022/04/25-22:34:18.930779 10fd47600 [db/db_impl/db_impl.cc:2662] Created column family [dead_slots] (ID 2)
2022/04/25-22:34:18.942567 10fd47600 [db/column_family.cc:598] --------------- Options for column family [duplicate_slots]:
2022/04/25-22:34:18.942574 10fd47600               Options.comparator: leveldb.BytewiseComparator
2022/04/25-22:34:18.942575 10fd47600           Options.merge_operator: None
2022/04/25-22:34:18.942577 10fd47600        Options.compaction_filter: None
2022/04/25-22:34:18.942578 10fd47600        Options.compaction_filter_factory: purged_slot_filter_factory(duplicate_slots)
2022/04/25-22:34:18.942580 10fd47600  Options.sst_partitioner_factory: None
2022/04/25-22:34:18.942581 10fd47600         Options.memtable_factory: SkipListFactory
2022/04/25-22:34:18.942582 10fd47600            Options.table_factory: BlockBasedTable
2022/04/25-22:34:18.942601 10fd47600            table_factory options:   flush_block_policy_factory: FlushBlockBySizePolicyFactory (0x60000038c360)
  cache_index_and_filter_blocks: 0
  cache_index_and_filter_blocks_with_high_priority: 1
  pin_l0_filter_and_index_blocks_in_cache: 0
  pin_top_level_index_and_filter: 1
  index_type: 0
  data_block_index_type: 0
  index_shortening: 1
  data_block_hash_table_util_ratio: 0.750000
  hash_index_allow_collision: 1
  checksum: 1
  no_block_cache: 0
  block_cache: 0x600003088158
  block_cache_name: LRUCache
  block_cache_options:
    capacity : 8388608
    num_shard_bits : 4
    strict_capacity_limit : 0
    memory_allocator : None
    high_pri_pool_ratio: 0.000
  block_cache_compressed: 0x0
  persistent_cache: 0x0
  block_size: 4096
  block_size_deviation: 10
  block_restart_interval: 16
  index_block_restart_interval: 1
  metadata_block_size: 4096
  partition_filters: 0
  use_delta_encoding: 1
  filter_policy: nullptr
  whole_key_filtering: 1
  verify_compression: 0
  read_amp_bytes_per_bit: 0
  format_version: 5
  enable_index_compression: 1
  block_align: 0
2022/04/25-22:34:18.942605 10fd47600        Options.write_buffer_size: 268435456
2022/04/25-22:34:18.942606 10fd47600  Options.max_write_buffer_number: 8
2022/04/25-22:34:18.942608 10fd47600          Options.compression: NoCompression
2022/04/25-22:34:18.942609 10fd47600                  Options.bottommost_compression: Disabled
2022/04/25-22:34:18.942610 10fd47600       Options.prefix_extractor: nullptr
2022/04/25-22:34:18.942611 10fd47600   Options.memtable_insert_with_hint_prefix_extractor: nullptr
2022/04/25-22:34:18.942612 10fd47600             Options.num_levels: 7
2022/04/25-22:34:18.942613 10fd47600        Options.min_write_buffer_number_to_merge: 1
2022/04/25-22:34:18.942614 10fd47600     Options.max_write_buffer_number_to_maintain: 0
2022/04/25-22:34:18.942616 10fd47600     Options.max_write_buffer_size_to_maintain: 0
2022/04/25-22:34:18.942617 10fd47600            Options.bottommost_compression_opts.window_bits: -14
2022/04/25-22:34:18.942618 10fd47600                  Options.bottommost_compression_opts.level: 32767
2022/04/25-22:34:18.942619 10fd47600               Options.bottommost_compression_opts.strategy: 0
2022/04/25-22:34:18.942620 10fd47600         Options.bottommost_compression_opts.max_dict_bytes: 0
2022/04/25-22:34:18.942621 10fd47600         Options.bottommost_compression_opts.zstd_max_train_bytes: 0
2022/04/25-22:34:18.942623 10fd47600         Options.bottommost_compression_opts.parallel_threads: 1
2022/04/25-22:34:18.942624 10fd47600                  Options.bottommost_compression_opts.enabled: false
2022/04/25-22:34:18.942625 10fd47600         Options.bottommost_compression_opts.max_dict_buffer_bytes: 0
